7182,4486,2226
1843,1336,8753,4841
6431
2488,6475,9321
4913
6673,5679,2310
5758
6512,3064,6876,6707,5097,8275
7650,9167
3681,4635,1518,3822,9064,8671,3965,9259
1282,9564,6520,3243,2172,8758,4996,1114,7756
1451,9568,4141,3481,3499,4625,5135,3403,5694,4772
8690,3249,4720,2714,4373
4304,8921,4356
8270,3982,7595,1290,4863,9013,5582,4986,2892
6788,7611,5584
2142,9232,9535
4758,2775,1284,3077,3633,7529,3906
2036,6732,9309,1064,7777,5909,1504
3229,7866,4804,5245,5842,4188
1335,5864,5293,1713,7610,9146,2530,6183,8383,4604
5895,1446,3133,1853
6965,3523,2985,9426,3417,4623,8973
6537,4533
2033,4441,4872,3586,9995
1638,7229,3678,4417,1254,4660,8301,9654,2240
5067,3567,7051,2319,7158,7911
6568
9674,8305,6938,9902,6465,1099,5498
2212
2037,5912
5865
9549,4364,3555,3927,8874,4579,4491,1872
1325,5607,3290,8664,4554,7698,4824,3004,6538
1718,4122,5866,4681
7490,3502,7284,2725,8917,3902,6054
3309,9729,7781
9902,1883,9722,4165,8663,7894,3181,6422,9580
3829,6860,4889,1992,4925
3209,1962,7937
9095,8487,2746,5121,4947,4102,1587,3481
1883,1627,5069
6440,9215
5421,7543,5762,5595,8482,1373
7013,1718,7605
3096,4919,8112,2504,5785,9113,6550
2455,5780,8816,5177
1633,5286,9479,9208,2574,2641,2314,3882,9773
7413,1102,9251,6608,7256
5694,1343,8186
6411,7875
1959,8527,6529,9180,1879,4293
2225,3228
9005,6366,8507,8893
2190,3408,1024
7313,2876,1984,1011,3874
7035,4159
6883,5020,3953,8854
9362,3454,8153,6490
3968
6307,8782,8393,4480,9159,3902,4135
4695
6717,9905,7119,6099,3170,6224,6316,7406,2358
5306,6784,3597,8874,7594
6996
4546,2304,6969,8099,9849,6973,5777,9626,9788
3127,2192
7366,2108,8796,5939,6340,6527,1285
5385,6348,3854,9143,5672,8859
8796,5280,5821
6413,5191,7307,5161,8536,8637,8940,6107,4340
8726,7164,2816,8103,3979,4930
4498,8983,6932,6752,2350
2175,8919,5999
4233,9627,8696,1447,3197
8841,2964,3490,7249
2962,4154,2004,6011,2251,5073,8466,1471
7667,6418,3164,4163
8407,7083
1213,4222,2119,7562,1332,9704,1208,2526,7650
6334,4414,4823,3741
9468,2319
9834,4338,6090,9941,8338
2673,2136,6955,5485
6184,5929,3182,5522,3078,1585,3367
7247,4395,1390,4643,2616
1410,6927,4626,3111,9523,1669,2876,3751,1627
3302,4391,2389,5679,9116
6378,5722
4323,6229,5701,7433,1793,2331
5108,2686,7640,1295
4920,4290
2096,6939,7494
2672,9138,4261,5660,1643,6331,5501,3415,1417
2497,3669,3746,3321,9882,6457
7551,5635
7411,6442,4904,7897,5954,6644,1098,1651
6296,4819,8889,2837,1291,5271
6603,7962,5017,1192,9862,6586
4463,4298,8580,9679
1774,8971
8848,3007,7590,1413
8772,7686,1388,6814,3278,8183
3026,7184,1093,7500,4920,4313,9164,3404,8396
2713,1653,1332,3546,4173,7733,6498
5855,2140
5426,6611,8386,7270,4081
4372,2751
9409,5201,2305,4687
2444,7758,6741,8278,5960,8032,4684,5020,1967
4384
5217,1897,6049,8924,8426,3724,9071
8279,1069,8946,5063
8728,4537,4990,7975,6776,8791,8644,2332,7953
3441,5110,3071,6097,5358,1784,6915,8669
8262,3788
3981,1691,1317,7769
2223,5548,6290,1386,4044,7732
7646,2902,5838,2669,1454,7431,7258,6058,1871,6951
8221,3635,8806,4157,4043,5326,7449
8703,4440,2168,2999,7497,6917
2909,7736,7354,9914,7961,9719,4872,1506,5253,4187
6949,1797,4440,7261,8405
5799,2904,9629,8931,7456,5516
3279,1280,6259,9008
4687,7977,7488,8385,3988,1074,4824,3452
2857,5860,1695,7165,9911,6649,9681,4544
9343,6232,1235,4222,3475,8086,7569,4970
3310,3452,9762
7350,6910,2430,4792,6155
3324,8046,6366,6830,1315,6672,2359,2656,5551,5695
3630
2543,2031,6597,3150,1367,8328,2513,5899,6882,4396
9179,4538,9043,8090,4315
8339,5001,2482,6486,2128,5483,1783,1177,6036
4776,9345,5389
7525,6826,4842,6331,2778,1402
2500,5352,5733,2914,7967
3694,6569,5384,9179,2584,2392
5028,6066,1812
9988,7754
7407,3722,4998,9934,1690
2414,9548
3548,7772,6113,7575,1156,1510,3627,2541,6984
6100,2064,9680,6423,9137,7251,5322,7662,9415
6131,4280,8082,9302,1384,6559,6053,5966,8285
5639,7250
1805,8454,4294,5422,2344,5090,4257,9017
4602,4749,5513,6291,9786,9683,7902,4162
2155,3566,9753,8373,2294
8881,3852,7054,9721,4885
9541,8454,7523,2831,7564,7658,9873
7911,1932,4045,9749,3505
7330,3525,3371
4078,7363,8451,7658,6060,6227,5333,9501,4245,1801
1184,2311,5993,9145,1910,6427,6824,8429
4368,7428
2465,6295,3752,1624,8184,5392,4395
3040,7164,8210,4995,7259
8166,3889,5042,4513,8754,9443,1493,7073,6190,7234
7906,7950,1037,3613
4882,9478,9185,7216
2845
8823,1715,2629,6134
8928,3355,5864
2587,5393
6976,5086,1987,6325,1893,2980,8608,7163,8494,9519
2500,2522,5261,2421,9374
5696,3749,1072,1912,5100,7317,6439,7661,2011,4756
8031,3908,8763,3899,5205,5930,7665,9107
2627,3965,3122,5452,4598,8280,1032,8380,3795
8257,5245,8470,5127,2747,3242,4076,8313,3929
5814
6034,5221,5664,8373,5516,1235
4717,6296,7832,8625,4952,6750
4857,9581,6496,5581,7927,6812,3310
8358,1095,2603,1378,4862,4804,5153,2258,5709,4945
5873,1394,5267,1565,7456,8949,2983
8736,9637,3124,4301,5736,4610,2724,9276
4270,8292,2437,8028,9275,2776,7818,6466,6313
4194,7823,4694,2982
8355,2093,7241,1595,7345,7939,2394,9926,9134
5798,9537,4275,1959,6375,8976,7161,9878,8985,1489
5717,7821,5198,2028,2889,6538,1721,8628
5024,2101
3560
9407,4047,3607,8981,5274,5171,4934,2474
3624,8564,9855,7602,9194,8913
6422,9315,1451,7778,4402,6830,3414,8030,2866,5235
1124,7794,9645,8472,1155,6072,2003
7370,3710,4201,4572,2759,7074,9300,8572,3055,4826
2394,4636,9229,5857,7422,3007,3007,8372,9783,7938
3222,8136,2356,2101,4588,6849,9717
3223
8614,1669,1398,7628,9573,4469,8378
1097,2485,4091
8702,8385,3045,4333,4794,2082,7082,5998,2821,4370
3977,6135,9831
9485,5691
1657,8426,1284,6435,9175,7516
6075,1205,9590,6424,4160,4351,7891,2245,9433
6578
5788,9720,5768,2443,3281
7332,1701,9205,4943,8872
6123
9258,2230,7742,2069,5728,7741,5190,7688,7786,9235
2485,2281
9827,1891,4728,7047,3903,7619
2567,3199,1563,9474,8128,7836,8596
3823,9681,8900,8902,8416,3102,1038,2634,3590,2066
4750,2388,7472,7797,2793,7402,1835
3434,5659,5423,6776,8648
4792,4435,3998,5566,6891,3484,5506,3635
3223,7765,2141,2441,2323,5771,1939,8829
1523,7970,5925,6340,7304,4501
8945,2678,6406,9222,2005,1964,2523,4886
9737,3385,8326,1293,7443,9134,1752,6392,3570
7580,5610,7021,6112
8509,9344
6425,2913
6648,4052,8652,7638
7058,6342,7934,3384,7223,9795,1220,9967
9702,2107,4417
6092,1980,2690
9277,5028,4029,8114,5965,3336,2197,5614,1320
1394,3664,2519,1641,6710,8616,6815
3166,6178,7426,1868,4770,8336,6375
4885,3957,1716
6177,5652,4080,7182,4319,7247,4076,9727,7794
6439,7492,6424,6577,7057,7156,3026,2065,6702
8481,1913
1939,4636,5370
4682,3799,4504,9280,2674,3953,1981,8912
2132
9431
5307,4033,2304,7870
8705,5865,5242,1544,8539,2599,1210,1016,1074
1838,3016,9184,2345,6977,5996,3032,1569,6842,7887
3478,7731,8149,9802,2681,4458,8465,3009,3437,3409
7579,3729,6092,2918
5888,8697,3642,8452
1277,5633,7973,6219,5800,1090,9296,2095,5781,4184
3688,4730
7651,8763
2486,4985,7356,4274,4683,7922,7062,3158,2944,4010
4046,8391,2552,7160
7117,4869,4343,6336,8865,2504,8160,9006,9619,2606
5607,4981,3098,8682,2075,9760,9979,3904,9136,6067
6390,2654,9156,6009
1099,8831,6417,2334
8223,6325,4895,2499,8106,1275,7205,3241,8975
6255,2132,6073,9132,2051,3429,4505
5228
6800,5706,3191,3038,7117,2609,7046,7770,9761
8508,9581,3930,9635,5586,9342,4522,9854,8548,9874
3880
6224,5979
9300
4958,3442,1448,8489,8696,6531,3779,3529,1982
3558,8353,4860,6443,7417,4605,2812,5084,1011,1935
7222,4842,3212,4308,7372,4355,2282,6729,4087
6876,8331,4375,1073,4620,9175,1852,5606
5052,3729,4362
3054,2575,5931,6282,6387,1807
3434,8395,1190,7018,6452,3950,1004,2807
1103,9978,4617,1505,8255,4339,9288,7781
5126,5642,7333,8454,7080,7951
3367,8590,3402
7941,9813,3270,3522,6818,6635,7660,4589,8368
3339,2809,6278,5540,1653,3884,5129
9194,4935
5275,5213,8840
2069,5533,5802,7252,9782
7095,5877,6757
7955,3217,1521,7264,6612,9723,1653
5580,9684,5137,6046,3318
1109,2176,7115,5038,7927
9669,2302,9341,3611,9520,3692,3552,7041
3335,9370,5694
6840,9297,4477,3690,2690,5918,9521,6722
1048,9565,5680,8444,7209,3671,9970,1410,3831
3625,6742,3408,8424,1502,6441,1236,6603,6727
4385,7829,9443,3490,1702,6833
8688,6680,2612,4611
3753,4234,5022,1199,6752
4631,8127,9537,3218,4015,6447,4022,4896,7344
2383,9773,7644,7971,4492
2485,5277,8319,1838,6570,3870
5987,7387,4523,4374,1272,8920,3225
5827,3476,7827,4846,4911
1612,9022,5491,5172,8395,1333,2372,7405,6876
2742,2985,4534,6490
6493,4184,4219,7014,1564
2926,9711,9019
2799,9836
2867,7656,6659,5903,2980
6866,9875,6900,4118,7157,1511,5522,6527,8200
9525,7336,5790,8412,1559
7979,1980,7400,8412,6977,6787,6939
1754,1834,9324
7216,9210,6769,8879,2762,2576,7427
3258,3212,6484,3338,8691,2061,8139,7026
3450,8375,7092,7764,8801
5456,4361,5047,2161,3416,2982,3102,1164,7136
7308,1413,6138,8675,4075,9435
6686,6517
7205,6793,5284
2401,5167,5456,5425,4207,1488,7230,8213,4777,9810
6383,5199,9458,5732,1143,3451
9752,5419
5591,9306,2628,3877
4154,3800,7753,3040,2816,9165,5700
4225,8423,8662,2845,4958
1102,3410,6017,9245,3460,9295,9328,7764
7098,4081
9120,6848
1392,5818,5364,2963,7036
5467
9952,1380,5781,3884,4634
8029,7974,1617,9162,3774,2223,7734,5336,5694
3475,2058,1665,2197,2405,5754,9570,9629,8863,7313
9758,7298
8634,9889,1862,7270,3748,9030,3224
9756,9275,8112,7398
3636,5717,5218,2185,5830,4990,1432,5621,9332
1147,9107,3304,5455,4064,1028
9826,6364,9447,6114,1985,6707
1259,2896,6533,2140,6593,1666,2715,6614,1278,3654
6040,3790,2005,3913,4588,7868,4147,6775
1792,7886,6458,5005,7436
6348,1122,8326
2324
3715
9029,4706,9742,6156,3762,4151,9173,4904,6057
8939
6539,5847
6138,7031,8189,8950,7339,9715,9056,8857,2669,7675
4466,7229,3119,3118,6172,5244,3303,4442,4340
2716,8537,6519,1134,1529,5489,1752,7123,6935
5104
8155,6317,3402
4950,1989,7041,5345,7951,1712,4527,4865
2325,3869,8554,1278,3649,6148,8336,8256
9358,7976,1819
8704,7923,1799
9110
2976,9669,7970,5833,1097,5417
6908,8420,3774,3896,4032,3482,8863,3143,5857
1775,5032,8320,9152,4545,8531,1893,2015,8635,3830
5666,9916,1508,5675,5019,8741,1929,2471,4298
5931,7135,5053,8035,2179,9077
6157,9856,4160,7576
5255,1614,3569,4260,9084,4366,7503,4331,4647,9671
9745,7375
3527,1930
8156,9209,1952,2795,7705
8238,3458,5991,3226,8425,6839,1769,8046,9004,7687
8057,2013,3675,7592,3006,5275,3895,1797
4091,7821,5984,2488,8269,1193,4778,7073
4434,7011,7954,4482,6863,3479,9856,4199,2027,4146
2064,3558,5969
2654,4458,7359,9578,7922,5421,3674
9789,9540,5285
5969,9179,8232,9972,6282
9165,5760,3722,3499
7833
7735,5246,5130
6634,3883,7356,1938,5178
4172,3635,8704
2192,9267,9629,3110,7562,5708,1873
7614,2325,3315,2779,2732,9832,7832
3219,1645,3651,6199,4464
6554,9379,4926,2639,7016,2647,1189
4291,9795,7709
6826,2301,4613,1623,2907,3661,5816,3032,4575,4583
7760,4995,3280,8133,1033,9360
1923,4233
9276,3191
1291,4385,2241,5949
9914
5699,3295,3731,6877
4832,6874,4066,2400,1932,8559,3382,6670
8447,9608,3618,1253
9038,3312,1339
5062,7276
2741,5341,6045,2250,1960,2729,8054,6757,8565
4644,7715,8568,7470,8624
1396,6237
2454,1188
4220,5777,4672
6527,3133,2246,9610,3448,8298,5887,4525,4895
2871,7574,8343
2728,9302,6571,4156
6228,5690,9872,7621,3193,4986
4003,8970
6157,6325,4836,3577,4286,9089
3697
1801,9148,9122,8102,8321,2385,5974,7721
2870,4969,7881,8347,1558,7357
9318,6223,6984,8202
3272,4933,4291,3153
7972,8432,1859,7678,5177,3573,2215,5649,4159,3107
7598,2940,2870
2303,2664,4519,4192
3445,6196,9607,1477,5505,1296,2791,9323,8647
3757,3716
6105,7517,3800,4429,9268,4557,1107,1218,8984
7791,4266,2747,7799,5670
3487
5220,8064,6416,8446
4638,5878,9970,1579,6505
9066,2266,4720,9123,5707,4892,3767,5107,3007
5103
3869,3163,8997,8576,6566,6954,3275,1312,7580,9544
1936,9359,4194,3006,8034,6100,7604,1036
3310,2167,5195,9363,6744,4741
4786,1405,7168,9131
7530,7808,8197,7419,9878,7111,5222,9339
4771,5238,7443,3733
4653,1405
4497,8025,9491,9716,2125,6745,4088
7379,3804,3549,5960
2435,1974,7253,3509,7772,5694
4694,1439,5550,9969,3458
3851,3593,9494,1080,8274,6660,4478,4033
8045
7152,2400,9368,6674,1273,9434,6236
1390,2248,6726
1647,3829,6666,7449,7330
5315,9438,7078,7068,1133,3916,9153,6006,5809
5314,9369,3880,9939,8075,2366,5267,8079
7866,2501,2958,9763,8193,3201,9420,5199,1033
3820,8151,7223
3140,8582
2619,3896
3317,6608,6686,4644,4599,4062,3197,4074
7672,7586,9548,6370,9877,9285,7696,7111,2745
7951,1248
6583,5102,5931,9154,6913,5464
9180,3978,2619,4812,1018,2185,9580,6961,4394,6591
1640,5593,1659,4631,7548,6699
1224,6567,8080,1337,4423,8457,7457,5831
2356,5576,3865,1102,8850,9539,6615,6949
5346,9226,7726,1635,1924,5922,3855,6698,4386,6292
9068,1922,8291,7977,4478,4236,6479,2516,3854,6773
5078,2726,7677,4281,6187
1785
8595,2751,8672
7351,4181,8048,8211,5491,1614,5321,6933,9796,3696
2944,4642,2000,9796,5949,6619,8323,7802,5498,4530
5129,7276,6611,1313,7309
3552,5499,8798,5048,4929,4051,9073,5022,8133
6106,1641,9027,1294,8499,2058,1348,9700,8853,5552
2287,4464,4599,9223,9992,4426
8111,8760,6449,9449
4775
6055,8556,5774,3064,5406,3500,5566,8800,4769
2991,9744,9096,1789
2726,2349,3093,1993
5455,1100
5361,8966,1876,2336
4108,1364,5248,6103,1430,3003,5268,1860,4291
6187
4601,5719,1228,2408,5289,8615,1927,8821,3396,5530
1345,8903,8919,3272,4356,3274
3026,1706,9040,2990
5631,6961,4143,6086,8565,6500,8550,4312
2629,1018,5989,2577,5063,6699
5094,4138,1628,5020,9874
1492,8847,7346,5433
4571,3929,4437
3595
5968
6202,6956,9994,2166,8922,3243,7456
2858,4762,2328,5485,1120,2748,1902,7623,4270,3320
8089,6479,1378,1993,2814,6910,9352,2097,3148
6459,7540,7148,1192,8256,5441,7143,4212,7773,7131
3741,8725,2539,8974,1094
5362,4451
5597,3633,9692,7510,6636,1475
2215,1723,9808,9997,3936,7040,5612,3452
6309,8359,1583,2483
8602,5985,1327,3794,4124,5837,4960,1406
3745,8707,1741,5655,7704,7243,2949,1856,8585,3302
9771,5758,9729,8777,9276,7425,2003
3250,5162,1703,4768,1631,7212,2887
5565,3891,9114,8623,6673,3529,6732,6703,3891
6572,4172,2637,5460,7227,8651,8455,5676
4048,8919
9062,5244,5500,2385,5843
5048
8442,2913,4932,4984,8048,7071,8236,3872,1265
4282,1245,2812
2161,3295,6867,6510,2442,5701
6413,4605,5708,8994,2135,9021,7176,3328
4047,7217,2468,3370,6706,6372
9144,3359,7069,9098,7955,6584,8445
6261,1090,9438,7281,7912,7779,6871,3871,6824,1382
6994,1813,5080,8162,7866,1588,7062,4254
6706,9224,9414
6733,4846,5233,8235,2662,8625
4819,6703,8463,6911,2263,7013,2478,4698
1836,7182
3110,3186,1008,6099
4966,8140,2148,8184
4932,4025,1302,3520,7590,2100,9161,3097
2536,2992
3644,7790,6357,3365,2716,8426,3266,5600,7102
6743,9156,9865
1893,3912,2650,7505,2630,1070,4097,3523
1657,1329,6181,8771,3411,8856,2921
8334,9245,9196,8685,9010,3161,9420,9916
3626,3168,2066
4856,1446,5726,3825,3426,7342,9214,4873,3940,4303
3961,6723,7771,5882,5408,9176,5830,7646,3064
5797,6379
7418,2302
8532,1982,4101,5777,1827,8072,8656,6512,8301,5775
9289,8948,2534,5165,7872,8898
1835,3209,6873,3750,8297,9853,9577,9911
9357,1791
9298,7242,1383,7735,3997,1435,8736,7650,1318,9115
8365,4978,8111
2262,9444,7945,8180,5634,2718,3785,5447,7428,2524
5597,6257,8207,6628,7942,4870
7906,9130,3520,1525,3928
4240,5953,1416,9431,8592,9863,1493,1519,3722
8909,6146,7043,8569,4061,7622,9437,8647
7362,7955,5530,7424,7963,7105
5373
4520,2805,9160,9518,8450
9203,2608,5035,9111,1949
9734
5348,7728
6043,5416
3864
7656,6315,9792
2191,4596,1855,7355,5301
6920,5753,4840,3566
9688,8816,6654,6032,1668,9311,4589,1997,7561
3072
1503,9409,6935,7293
9154,5107
4898,4331,1677
5817,7217,2232,7080,6430,3812
6373,6195,1929
8326,7694,9833,3458,5603
7524,6699
8353,7784,7808,7072,5603,6121,1449,4160
8827,5997,6014,3447,3918,2665
7043,8185,5761,2988,1452,9526
5452,3534,3686,2963
6856,3504,1615,1638,3887,8450
9635,5404,7670,3540,5156,6869,4691
7117,4817,4216,6906,4760
5364,8647,1726,8679,8051,5743
5227,8376,5785,2282
2598,1149
4323,1491,5893,4557,4461,6537,8104,5513
1504,1508,7516,6114,4253,9051
6762,3057
1242,5400,8123,3545,4020,4000
7390,1317,4028,7702,4884,7652,3783,2187
3982,5080,9684,5369,2690,7272,8792,1199,8055
8882,7823
5326,1900,1150
7783,5631,8876,2831,8829,2391,7261,6514,5862,3439
3157,5077,2559,1649,4832,3986
6973,7362,2700,7829,9163,5511,6000,2948,8554
9626,7859,8014,5666,5472,8566,1565,5950
5720,9564,8831,8648,5779,8871,6077,7515,2777,1048
7454,6211,4348,8868,2062,7617
2708,1641,1540
1853
4468,9915
1541,2122,9125,1082,2683,4567
6061,4589,7923,9419,2129,9563,6370
7831,6560,5028,8873,3434,7335,7857,7808,3245,6237
4752,5382
5486,1051,5661,5380,6890
2991,7480,7171,4269,5153
7749,1264,2750
3787,2662,1700,6994,3392,7854,2625,2036,1764,1317
5116,9242,9354,5462,5444,6380,3131,7047
5603,9512,8372,1940,5752,6916,4947,4358,4857
5309,7401,6862,6871,4379,5598,5953,6310,9165
2993,8045,2856,4458,2407,3382,6358,7619,3404,2636
7056,6908,8893,4644,2506,5204,6814,7819,2951
1838,8914,1200,5690
4754,8791
6173,5341,2925,6088,7347,1288
5818,7943,4912
1148,7108,7727,1099,9344,7837,4928,3372,1095,6805
1048,3260
7277,6980,1122,5842,8163
7805,6027,5655,7926,2309,8366,5981
6939,8667,3959,1463,8794,1960,9845,5876,5975,1913
9499,1610,4810,9141,6889,7917,5629,7973,6452,9095
8002
2442,6529,1962,8684,3960,4303,7380,2118,5169
9198,9439
3214,9916,7210,3731,1742
8967,2796,7233,5920,7120,8630
7784,5735,7997,3753,5042,4561,3706,5411
3718
7210,7078,3447,6269,9097,9875,1511,2863,2892
5848,9452,2956,9795,6690,4622,7410,1055
9871,1830,5496,6432,9434,5220,6747
1391,6542,2512,5317,1778,9440,2342
1076,7794,9058,3993,5628,3537
5247,7522,6796
7366,3341,8335,9445,8899,5994,5998,9436,1378,8419
9886,6777,6598,1004
8296,8967,4828,3058,6715,2292,9305,3321,3151,7957
1524,4963,6476
1428,6295,5371,6528,1875,4381
7286,2286,3674,7515,5662
9347
8682,3895,5674,9751
2739,2772,5840,9623,2494,9313,5216,3975,9550
5239,6089,9794,1967,1602,4568,5009,4156,3045
7099,3435,9199
4541,3509,4722,2217,7558,9152,1263,1378
7046,2053,4533
8260,1362,9795
5979,7488,5795,5315,3262,9188
3439,6194,2108,3479,8690,4117
4991,8224,3109,8115,7926,8109
9726,3188,9830,9589,4704,5818
8830,7811
1713,9352,6214
5141
7963,8204,5717,1594
8367,6528
5432,6565
6095,4638,4709,6001,2440,6883,8053,1882,7887
6043,4367,3143,8721,4552,2213,4064,5345,1567,3106
9919,2132,7330,9434,2647,8732,7682
9625,7822,8571,4279
5649,7977,6871,6461,4535
4371,1964,6171
4204,1517,3115,2421,5517,9025,1465
1157,5203,9645,7135
1153,3686,8823
8055,8366,2608,3460,1166,5880,3943,6915,2566
6749,4883
9876,5861,8364
6129,6963,9326,6853,3045,2445,5920
1466
1380,9473,7172
2326
6020,6278,1155,4715,2860,7866,1380
4944,9656,4248,3428,5493,2928,9122,6941,1519,3980
3788,9581
1998,2231,8056,7156,3249,4873,4487,9300,5579,8349
7061,9942,1375,5665,1964,8868,7674,3048
5919,6221,9873,6356,3922,1319,1342,8194,1741
5505,5384,5147,1950,3936,2490,1507,7557
6313,8374,5272,6243,8125,2363,9063,5501,6058,8655
7748
4135,2400,6430,2364,6599,6789,9241,1363,3683,4539
2476
9639,2512,8701,6588,4774,8389,6678,5522,8820
6208,1113,1716,1795,5042,4085,7982
6515,4096,4978,8797
8466,8299,6185,7742,8848,7914
1612,8596,2553,4929,8231,9268,3589
3941,7808,5972,5592,7528
8365
4809,3872,6665,7264,5565,6036,9207
3207,9570,5328,8560,6377,3168,8077,2560,8039,3710
6478
3388
1143,5381,8876,7607,3777,2977,9748,3619,3495,3690
7020
6738,6847,3741,1095,7797,1220,5881
6028,6177,5029,2985,4176
2829,8560,3750
8729,7883,8175,8360,8948,3807
8093,7350,4845,4906
1907
2137
5532,5179,1062
5581,7243,2374
4205,1869,8890,1449,8504,6217,6307
1667
2503,6572,5912,8334,6814,7957,4512,5096,6287
2582,8234,1373,2370,8804
9436
9124,5414,1115,1133,8966,7204
4864,5320,8319,3867
6806,8791,6636,7537,3155
1755,1247,8054
6499,4058,4256,6690,5150
6857,6568,1008,8016
1033,8042,8692,1369,5660,9506,5108,6706,2947,7458
1717,4119,6528,3373,8528,7131,7564
9547,4073,9708,3399,5858
9358,3493,5852,5996,2079,9439,3002,2509,9327
8238,7843,6251,7848,6221,1663,6940,5314,7597,8566
3812,7564,8287,3784,8580,1537
5114,8526,4374,4444,1722,8934,8867,2786
8991,4329,3705,9536,3746,4111
1577,3184,8029,2069,7813,5372,2266,9832,1392
8082,3598,4123,6904,2540,2608,8450,9937,8676,6696
8190,2603
1287,5601,9479,3967,5379,1548,6742,5088,8422
9238,3888,3961,6152,2790,3743
9239,2463,7565,9356,4675,6961,5193
4050,6518,6837,6086,1611,5346,4467,6549,3666
5144,4347,7853
4607,1771,5003,8468,1679,5533,8745,9618,6797
3880,4014,4623,9075,3323,8631,9052,8923,6148,3915
2780,6849,8908,3674,3541,3572,5322,6163,4247
2850,3281,6519,2486
7415,6922,2339,6940,6146,6534,5749,5214,4455,1984
6324,8359,7102,3780,4286,7812,2886,2188,4729
2318
9254,1871
9651,6619,6229,5395
6712,9237,6123,6151,9602,1978,3921,8170,8679,2485
6684,5916,2563,6975,1154,2420
3888,5078,3013,4738,2708,6731,8075,6460,1031,8899
3113,7604,8534,8678,2824,6479,6278,5903
6368
4005,7100,3805
7811,1410,2311
7102,6242,6103,3224,7268,5226,4951,2399,9333
3526,8363,7363,5566,9051,3428,1471,3178
7781,1495,7356,3117
6993,6522,7848,8253,7117,3846
7996,9695,8250
6219,9932,9823,2795,6528,8435,3695,3980
1611,4489,5265
6165,7407,5818,8886
6269,9398,3652,8578,1105,2027
3289,3287,6740,7561,7597,5778
9694,8238
6027,1064,5226,9751,5649
2140,3716,7297,2413,5570
8265,2394,2966,1937,4353,5437,2793
7672,9124,9660,1553,8628,6756
7248,8662,1667,2340,2942,1888,5997,7709
9795,7247,7230,7390,7125,4455
9691,7732,6295,5378,8754,1848,3329,7585
4858
8558,7386,3797,6075,7465,1765,9054
1234,1620,4758
2945
8792
2767,6426,1063,2577,5187,8959,4536,9186,6378
1375,7214,1468,5291
7525,1179,6006,6218,2610,9026,4650
6021,2243,2047,8044,2943,6690
1888,8538,4114
6688,2181,6347,3720,5416,6648,6770,7309,9387,7730
8557,5280,2271,1433,2515
1990,5381,5321,2291,6633,3479
9517
2963,9037,2008,3200,7398,1641,5634
8986,6240,8835,8116,6127,1670,8314,5747,5975
4359,1071,7826,7827,9992,9859,2473,1768,8502
5119,3678,1231,6801,7787,4188,7800,7842,5419,7393
2787,3497,1871,5632,1111,4328
4539,4720,8232,9567,8304,9942,6809
3754,3611,9476,5838,1625,4291,6893
8900
2437,5782,1487,1980,5951,8271,2226,7389,4442
8921,6354
9131,6003,2470
2393,9815,9457,6826,7187,6820,8319,1014
5488,4422
5133,5547,2125,1027,4614,7357
4558,1680,5628,9094,7070,7233
2288,8873,5092,2725,3720,7516,2853,2908
3085,4958
1576,2500,7793,5048,5392,9334,2223,9678,2749,9180
8019,4462
8898,4744,1006,7570,3147
5118,4229,2702
9994,8215,1433,8778,1603
5263,2556,3531
9699,6685,6115,1690,9390
3714,7687,5654,5052,3357
9367,3320,8587,2643,1609
6336,4108,2712,7699
1563,6548,1606,1918,9339,5717,3661,2864
3634,8738,2266,5214,4534,6863,3630,9592,4458,5395
2377,2316,9215,3417,4254,7557,8998,7237
4496,6344,1326,5475,4310
4591,2562,1288
8246,6307,2975,8439,5024
4281,1902,4605,4245
2103,4053,7541,1087,7281,7534,3141,6771,4883
1687,6539,4121
8568,6091,5498,8575
9146,8693,2710,9182,4401
5703,7881,8488
1102,8664,4272,8456,8147
2522,8013,4866,5565
4750,8085,6296,3597,4022,5232,4322,3966,2803,5189
3593,5009,9446,1345
8604,4585,3543,2818,6731,1766
7045,8023,9940,9236,3633,3033,5949,2167,9962
7355,6435,7827,7656,8709
3357,2448
9950,7099,1021,1510,7120,4964,4235,1881
9682,7329,7844
5408,5814,4130,4487,9324,6476,5978,7717,5656
5597,7151,7270,2010,7665,7139,8038,3865,6709
6980,3813,8892,3191,6805,2332,5427,4212,1713,9821
6596,4214,8113,3215,4268,6963
2797,1177,6710,8676,5447,4283,1632,4763
4749,2003,4104,7604,9963,9255
9593,2995,8588,6164
1599,8478,3603,3503
3065,2791,7392,3545,8443
5467,9647,9501,6024,9894,9253,1152,3203
1128,5254,4851,3506,5302,7183,2283,7367
6690,2060,8581,8161,8762,1968,9278,6198,4712,1701
9407,4089,5133,2860,6988,9427
8668,8400,7391,4228
1512,6936,9414,2166,6454,9519,1622
5382,7265,1027,3823
4854
3658,7243,1856,4534,2934,5658,4565
3336,6172,5963,4715,6663,3940
3248,7158,6105,6686,8859,7159,1399,7864
4277,1043
7527,9554,7804,4115,1489,2181
3853,9741,3912,8778,6722,1653,9746,6487,2727
6462,4259,7936,3253,4681,5611
9641,5432,2996,9977,1258,3756,6670,5472
7253,4046,1861,9799,7019,5455,7814,8425,1964
6559,7098,8438
1791
6981,7927,1145
5985,8889,6033,9713,5126
8993,9169,1533,1022,7914,1971
8916
6851,2049,2374,4557,3658,6928,5683,7385,5588,4966
7472,3567,5796,6504,2825
1350,9829,6213,8523,1046,5058,7534,3656
7757,4385,6776,8682,7898,9232,8657,9636,3935
2027,1015,9666,3777,9830,3794,4772,6160,9239
9543,8216,1324
2978,3376,7397,1507,7443,7433,2808,1701,5256,6830
8789
9554,9516,2446,4204,7081,5157,5188,8634,7687,1805
5365,1730,6659,3554,1029,4386,8877
1355,3364,8412,8811,4133,1436,3207,5265,5303,1115
4402,4752
9059,3222,3937,9845,8287
2647,7840,7765,6255,7454,4625
9450,4318
1199
2345,1180,6804,8166,1470,4207,1378,2709
1944,3044,1486,5566,1184,4368
1362,2295,8625,7310,3474
2072,6434,8350,8737,8888,6202,9965
7699,3053,5591
3177,5343,5414,9960
4412,9651,8926,9432,9254,2615,5114,8816,7429,2120
5135,1266,9024,2799,5127
5859
2964,5887
8592,9741,4728,9106,7866,2299,6125,4233,8447,4240
1995,9509
8629,6049,9664,5722,1218,7266,9594,2331,6556,9500
1772,1355,2551,6065,7939,4074,3357
5920,8360,2977,1596,5602,6473,5763,5473,6910
6054,7233,9965,8041,8818,3704,1828
8106
4765,6987,9156,1069
4944,5783,5650,1089,4102,1072,4262,2414,2878,8518
5984,8404,7799,7532,3030
7298,5652,3968,8815,2470
1867,6196,3216
8601
4252,2857,8807,2182,9059
4481,6466,9465,7811,9689,8634
8265,2779,4937,4252,9032,1008,9652,2052,6136
2805,7149,7264,8169,4058,7200,7100,6127
8612,9053,1560,8475,1932,5494,4396,8196,4684
9871,6018,2027,9014,1892,3825
8216,1036,4672,7457
3650
9642,8193,3690,6708,6836,9098,5698,4347,5596,8184
1994,7436,8917,1781,3179,3211,5801,9213
3322,2729
7322,3208,8325,6973,3575,1244,6197,1848,5738,6178
3491,8601,8730,2982
1060,6241,6580,7797,4652,7533,9958,4002,9050,5518
6707,7779,1221,9173,3807,4532,3783,2538,1513
1798,3611,6826,7942,7000,7237,7229,9446,2704
3870,3096
2921,3706,4407,2205,7624,5864,2364
3443,2212,3080,9634,9366
5132,8393,2577,5590,1197
8789,4962,4439,1353,8699,3043,6816,9632,2932,4326
4074,7663,4156,2697,6907,5450
5403,4816,3843,5789,1629
8253,7155,8565,6936,7359
8896,5372,3414,9714,9999,1285,4890
7139,3726,7654,8627,2348,3069,4962
3721,1164,6315,7469
7337,5696,9617
6299,4984,1085,9931,1051,4718,5012
1556,4903,1900,3554,7436,2297,2467,2406,3953
4915,7203,4005,7579,3278,7074,8088,9627
1486,2535,9953,5782,4088,9494,6443
8927,6992,9889,5621,4749
7882,1781,3449,2261,7533,4197
2817,1466,8639
8713
4063,2642,8174
6674
9899,9350,5572,3484,4166,3302,7141,2541,4671
5119,3916,7254,7090,7550,3123
2203,7690,6833,2065,5152,2113,2762,8917,2821,2724
2504,4294,3167,6342,1938
9275,5189,5777
4779,3547
9441,5969
2372,1904,5114,5959,5569,7695,3418
7249,4500,5669,4804,4515,1875,4830,8619
3689,2733,4379,2453
8608
2272,2736,5409,5268,6013,7321,5463,7842
7583,5609,6333,7194
7692,6094,2517,7144,7810,8335,8581,6442
1700,8075,6506,5699,3864,9440,8551,8736,2092
4633,4503,4793,3855,8375,7222,4106,5657
1123
9932,7356,2378,5494,4110,2294,5914,4144,7040
9199,2760,9229,3786,1364,1862
1860,8775,2837,1215,7656,2605,1945,9255,8224,2889
3306,6119,6690,6720,5465,7878,3876,7779,1409,8240
1262,6739,3653
5106,8577,6196,1372,5093,5424
3906,2103
5137,3529,6694,5486,8805,2015,7667,5839,4117
9849,7708,6963,4064,6804,8522,7461
8647
4285,4386,6563,7188,9989,6633,2877
8866,6040,7999,9966,2349,1029
5407,4879,4508,9381,7371,6314,1992,5231,7067,5018
2430,7052,2790,4565,3332
1246,9189
8105,6809,6222,8785,8890,8644
5822,2119,9987
4905,2709,7448,4464,1878,7404,2245,2123
1037,8388,3290
1997,9079,3419,8443,7605,2133
4319,7057,8000,3719,4155,1382
7794,5926,6718
7938,6617
1215,3986,9089,8571,6324,8268,3810
2284
8557,6431,1560,9507,7259,5399
8785,7454,8083,6207,3316
5308,8491,4347,3245,1784,8142,5402,6356,7222
3887,2326,4626,5094,2463
7874,6358,3697,9840,1372,4085
6111,9515,5644,8571,6077,7752
6560,9991
2529,2641,3300,6809,2597,7662,2015,3596,7003
8687,9151,8485,5138,2475,9762
4952,5803,1525
9193,1348,1085,1206,3686,9747
1700,1719,3831,5257,6224,4594,4613,6610,6841,6211
4536,5823,6840,9839,6209,5776,6327,7873
2841,3088,9129,5061
8042,8562,6143
8782,3145,9624,4349,8718
6486,1904,2571,6704,1936,4549,6605,9241
9480,6854,6262,7279,5503,8110,2427,9511,4120
6833
4465,4909,5503,3789
6210,7301
2611,2396,5424,2499,9575,3552,2537,5524
3583,2714,4150
4205
2600
8022,3159,5202
7687,5229,2969,9804,4439,9729
3606,3912,5502,4710,9366,1768,8651
7108,9782,2329,1636,6530,6952,6123,3575,6814
7675,4664,3054,4955,8201,1590
7189,8643,6114
2059,1318,7600,4734,8927,5671,8756,9910
8826,2293,1646,7173,3515
2804,8083,5133,8706,7266,7770,6090,1827,4931
1840
7784
1265,6906,3008,7630,8636
9623,3759,7341,6300,5377,8385
5159,3963,5174,9699,3098,7267,9532,1468,4739
1025
9260,4878,7020,1485,9716,1843,1796,8194,6749
