7184461441376107693,4913
37539283017854328,5584,7611,6788
14941692368944449029,6411,7875
12928508044498870737,2225,3228
14510783364561619298,4695
15546790255223401919,6996
8803754411497934836,7083,8407
17213044161724695862,5635,7551
12805500451476046981,8971,1774
7872016606497958223,4384
3233894622348720181,1280,9008,6259,3279
6254002916134108897,4776,9345,5389
2493962481767587498,7754,9988
180482422615941070,7250,5639
749310255141968892,5393,2587
16542483273520493612,3560
13965528148918396244,3977,9831,6135
10582658809802944859,5691,9485
5660794131443730930,6578
8824204969694652590,5888,8697,3642,8452
11778484654409713195,3688,4730
16857788450871431458,5228
7737914880349248586,8688,6680,4611,2612
10737355049618837776,9019,2926,9711
9910749690681768633,9120,6848
18107515019769597909,2324
3171517050434318815,3715
5282446425946634449,8939
9836334559384267866,5104
4820091593293471273,9110
15178673616149564040,9745,7375
11252234415245311797,1930,3527
14663429659543751467,9540,9789,5285
15517103566560114218,7833
10784406972107714372,3312,1339,9038
3044160054449314248,1188,2454
16283865516614673088,8343,7574,2871
2168631744136160989,8970,4003
13185983110650486259,2664,4519,4192,2303
4505982694426712809,3487
10325101807821766067,5103
5677624614742935917,3140,8582
7062688375176617986,1785
16663464702581687586,4775
14488587554496095617,5433,7346,1492,8847
7564204635556682352,3595
13566139189288777717,5968
12958336501319002935,5362,4451
9118520141779158468,4768,1703,2887,5162,7212,3250,1631
3054231333870659172,2536,2992
10658604218633656626,6379,5797
4538599095169568845,5373
5040198400140529756,9734
14312329916059562973,7728,5348
1085112223604113547,3072
2870441101485283616,1149,2598
82989777370915011,3057,6762
4173346584725216590,9915,4468
13654475511390541437,1541,9125,2122,4567,1082,2683
3425036456944462801,1264,7749,2750
12479366174822302402,8002
3118523373932044801,3718
3572897326644509787,7522,6796,5247
18388713479138040254,9347
449025784168885765,5141
13285376853468039471,8364,9876,5861
9319057231786523218,7748
4797421044679197133,2476
9778241125731437512,6478
9537232616112514591,3388
7947399797457804356,1907
11545117597922473113,2137
17055097450338632163,5179,5532,1062
1472458899269984156,5858,3399,4073,9547,9708
16105823453193485350,2318
6515536079101101392,1154,2563,5916,2420,6684,6975
16377496925345787237,6368
14104735305148525825,8250,7996,9695
11942254639382787652,4858
2840606177891398520,2945
3515625294240111605,9517
2545068543958359576,5488,4422
10220931606556994790,8019,4462
15555542975823660317,2702,4229,5118
298209250273599505,3531,2556,5263
10111165969552116994,5475,6344,1326,4496,4310
11970280055919881641,7329,9682,7844
15630371790318774427,9593,2995,8588,6164
5043280335642689990,3503,3603,8478,1599
1369410491645012291,5254,7367,1128,2283,7183,3506,4851,5302
14333975206184187325,8400,4228,8668,7391
8955526005426589066,4854
17050920219290554749,1043,4277
18197334988144101020,8916
3703095728965850761,9450,4318
15395825485975465571,5859
9176538405400558963,1995,9509
3559695054428848907,3650
17790798437994545222,3843,1629,4816,5403,5789
3895203853402490292,8713
1341723802775175212,2642,8174,4063
7243039851222565993,4779,3547
1770813589950116461,5609,7194,6333,7583
6747700578982379098,1123
3674246361350665443,6739,3653,1262
3109040722519510477,9189,1246
6147720043617323617,2284
13778137222497681660,3088,2841,9129,5061
1842206031161712171,6210,7301
4583809571337876758,2600
5662329940412082754,5202,8022,3159
10194347312101130820,7173,1646,2293,8826,3515
5932343213072716383,1840
8889451421586674860,1025
1884247431390541173,8672,8595,4372,2751
17234750962548315702,8913,7602,8564,4935,3624,9194,9855
9635715350863814300,5847,1687,4121,6539
15014700402897369021,3586,1506,5253,4872,7354,4441,9995,2033,9719,7736,7961,9914,4187,2909
16549871649708727289,9357,1791
6178193763453580660,2817,1466,8639
8013278386594769699,4096,9449,8365,8111,6449,4978,6515,8760,8797
14077078639141261350,6854,9511,9480,3789,8110,7279,4909,4465,6262,4120,2427,5503
14777393009812235986,1004,1006,1008,1011,1014,1015,1016,1018,1021,1022,1024,1027,1028,1029,1031,1032,1033,1036,1037,1038,1046,1048,1051,1055,1060,1063,1064,1069,1070,1071,1072,1073,1074,1076,1080,1085,1087,1089,1090,1093,1094,1095,1097,1098,1099,1100,1102,1103,1105,1107,1109,1111,1113,1114,1115,1120,1122,1124,1133,1134,1143,1145,1147,1148,1150,1152,1153,1155,1156,1157,1164,1166,1177,1179,1180,1184,1189,1190,1192,1193,1197,1199,1200,1205,1206,1208,1210,1213,1215,1218,1220,1221,1224,1228,1231,1234,1235,1236,1242,1244,1245,1247,1248,1253,1254,1258,1259,1263,1265,1266,1272,1273,1275,1277,1278,1282,1284,1285,1287,1288,1290,1291,1293,1294,1295,1296,1302,1312,1313,1315,1317,1318,1319,1320,1324,1325,1327,1329,1332,1333,1335,1336,1337,1342,1343,1345,1348,1350,1353,1355,1362,1363,1364,1367,1369,1372,1373,1375,1378,1380,1382,1383,1384,1386,1388,1390,1391,1392,1394,1396,1398,1399,1402,1405,1406,1409,1410,1413,1416,1417,1428,1430,1432,1433,1435,1436,1439,1446,1447,1448,1449,1451,1452,1454,1463,1465,1468,1470,1471,1475,1477,1485,1486,1487,1488,1489,1491,1493,1495,1502,1503,1504,1505,1507,1508,1510,1511,1512,1513,1517,1518,1519,1521,1523,1524,1525,1529,1533,1537,1540,1544,1548,1553,1556,1558,1559,1560,1563,1564,1565,1567,1569,1576,1577,1579,1583,1585,1587,1588,1590,1594,1595,1596,1602,1603,1606,1609,1610,1611,1612,1614,1615,1617,1620,1622,1623,1624,1625,1627,1628,1632,1633,1635,1636,1638,1640,1641,1643,1645,1647,1649,1651,1653,1657,1659,1663,1665,1666,1667,1668,1669,1670,1677,1679,1680,1690,1691,1695,1700,1701,1702,1706,1712,1713,1715,1716,1717,1718,1719,1721,1722,1723,1726,1730,1741,1742,1752,1754,1755,1764,1765,1766,1768,1769,1771,1772,1775,1778,1781,1783,1784,1789,1792,1793,1795,1796,1797,1798,1799,1801,1805,1807,1812,1813,1819,1827,1828,1830,1834,1835,1836,1838,1843,1848,1852,1853,1855,1856,1859,1860,1861,1862,1867,1868,1869,1871,1872,1873,1875,1876,1878,1879,1881,1882,1883,1888,1891,1892,1893,1897,1900,1902,1904,1910,1912,1913,1918,1922,1923,1924,1927,1929,1932,1935,1936,1937,1938,1939,1940,1944,1945,1949,1950,1952,1959,1960,1962,1964,1967,1968,1971,1974,1978,1980,1981,1982,1984,1985,1987,1989,1990,1992,1993,1994,1997,1998,2000,2003,2004,2005,2008,2010,2011,2013,2015,2027,2028,2031,2036,2037,2047,2049,2051,2052,2053,2058,2059,2060,2061,2062,2064,2065,2066,2069,2072,2075,2079,2082,2092,2093,2095,2096,2097,2100,2101,2103,2107,2108,2113,2118,2119,2120,2123,2125,2128,2129,2132,2133,2135,2136,2140,2141,2142,2148,2155,2161,2166,2167,2168,2172,2175,2176,2179,2181,2182,2185,2187,2188,2190,2191,2192,2197,2203,2205,2212,2213,2215,2217,2223,2226,2230,2231,2232,2240,2241,2243,2245,2246,2248,2250,2251,2258,2261,2262,2263,2266,2271,2272,2281,2282,2286,2287,2288,2291,2292,2294,2295,2297,2299,2301,2302,2304,2305,2309,2310,2311,2314,2316,2319,2323,2325,2326,2328,2329,2331,2332,2334,2336,2339,2340,2342,2344,2345,2348,2349,2350,2356,2358,2359,2363,2364,2366,2370,2372,2374,2377,2378,2383,2385,2388,2389,2391,2392,2393,2394,2396,2399,2400,2401,2405,2406,2407,2408,2413,2414,2421,2430,2435,2437,2440,2441,2442,2443,2444,2445,2446,2448,2453,2455,2463,2465,2467,2468,2470,2471,2473,2474,2475,2478,2482,2483,2485,2486,2488,2490,2494,2497,2499,2500,2501,2503,2504,2506,2509,2512,2513,2515,2516,2517,2519,2522,2523,2524,2526,2529,2530,2534,2535,2537,2538,2539,2540,2541,2543,2551,2552,2553,2559,2560,2562,2566,2567,2571,2574,2575,2576,2577,2582,2584,2597,2599,2603,2605,2606,2608,2609,2610,2611,2615,2616,2619,2625,2627,2628,2629,2630,2634,2636,2637,2639,2641,2643,2647,2650,2654,2656,2662,2665,2669,2672,2673,2674,2678,2681,2686,2690,2697,2700,2704,2708,2709,2710,2712,2713,2714,2715,2716,2718,2724,2725,2726,2727,2728,2729,2732,2733,2736,2739,2741,2742,2745,2746,2747,2748,2749,2759,2760,2762,2767,2772,2775,2776,2777,2778,2779,2780,2786,2787,2790,2791,2793,2795,2796,2797,2799,2803,2804,2805,2807,2808,2809,2812,2814,2816,2818,2821,2824,2825,2829,2831,2837,2845,2850,2853,2856,2857,2858,2860,2863,2864,2866,2867,2870,2876,2877,2878,2886,2889,2892,2896,2902,2904,2907,2908,2913,2914,2918,2921,2925,2928,2932,2934,2940,2942,2943,2944,2947,2948,2949,2951,2956,2958,2962,2963,2964,2966,2969,2975,2976,2977,2978,2980,2982,2983,2985,2988,2990,2991,2993,2996,2999,3002,3003,3004,3006,3007,3008,3009,3013,3016,3026,3030,3032,3033,3038,3040,3043,3044,3045,3048,3053,3054,3055,3058,3064,3065,3069,3071,3077,3078,3080,3085,3093,3096,3097,3098,3102,3106,3107,3109,3110,3111,3113,3115,3117,3118,3119,3122,3123,3124,3127,3131,3133,3141,3143,3145,3147,3148,3150,3151,3153,3155,3157,3158,3161,3163,3164,3166,3167,3168,3170,3177,3178,3179,3181,3182,3184,3186,3188,3191,3193,3197,3199,3200,3201,3203,3207,3208,3209,3211,3212,3214,3215,3216,3217,3218,3219,3222,3223,3224,3225,3226,3229,3241,3242,3243,3245,3248,3249,3253,3258,3260,3262,3266,3270,3272,3274,3275,3278,3280,3281,3287,3289,3290,3295,3300,3302,3303,3304,3306,3309,3310,3315,3316,3317,3318,3320,3321,3322,3323,3324,3328,3329,3332,3335,3336,3338,3339,3341,3355,3357,3359,3364,3365,3367,3370,3371,3372,3373,3376,3382,3384,3385,3392,3396,3402,3403,3404,3408,3409,3410,3411,3414,3415,3416,3417,3418,3419,3426,3428,3429,3434,3435,3437,3439,3441,3442,3443,3445,3447,3448,3449,3450,3451,3452,3454,3458,3460,3474,3475,3476,3478,3479,3481,3482,3484,3490,3491,3493,3495,3497,3499,3500,3502,3504,3505,3509,3520,3522,3523,3525,3526,3529,3534,3537,3540,3541,3543,3545,3546,3548,3549,3552,3554,3555,3558,3566,3567,3569,3570,3572,3573,3575,3577,3583,3589,3590,3593,3596,3597,3598,3606,3607,3611,3613,3618,3619,3625,3626,3627,3630,3633,3634,3635,3636,3644,3649,3651,3652,3654,3656,3658,3661,3664,3666,3669,3671,3674,3675,3678,3681,3683,3686,3689,3690,3692,3694,3695,3696,3697,3704,3705,3706,3710,3714,3716,3719,3720,3721,3722,3724,3726,3729,3731,3733,3741,3743,3745,3746,3748,3749,3750,3751,3752,3753,3754,3756,3757,3759,3762,3767,3774,3777,3779,3780,3783,3784,3785,3786,3787,3788,3790,3794,3795,3797,3799,3800,3804,3805,3807,3810,3812,3813,3820,3822,3823,3825,3829,3830,3831,3846,3851,3852,3853,3854,3855,3864,3865,3867,3869,3870,3871,3872,3874,3876,3877,3880,3882,3883,3884,3887,3888,3889,3891,3895,3896,3899,3902,3903,3904,3906,3908,3912,3913,3915,3916,3918,3921,3922,3927,3928,3929,3930,3935,3936,3937,3940,3941,3943,3950,3953,3957,3959,3960,3961,3963,3965,3966,3967,3968,3975,3978,3979,3980,3981,3982,3986,3988,3993,3997,3998,4000,4002,4005,4010,4014,4015,4020,4022,4025,4028,4029,4032,4033,4043,4044,4045,4046,4047,4048,4050,4051,4052,4053,4058,4061,4062,4064,4066,4074,4075,4076,4078,4080,4081,4085,4087,4088,4089,4091,4097,4101,4102,4104,4106,4108,4110,4111,4114,4115,4117,4118,4119,4122,4123,4124,4130,4133,4135,4138,4141,4143,4144,4146,4147,4150,4151,4154,4155,4156,4157,4159,4160,4162,4163,4165,4166,4172,4173,4176,4181,4184,4188,4194,4197,4199,4201,4204,4205,4207,4212,4214,4216,4219,4220,4222,4225,4233,4234,4235,4236,4240,4245,4247,4248,4252,4253,4254,4256,4257,4259,4260,4261,4262,4266,4268,4269,4270,4272,4274,4275,4279,4280,4281,4282,4283,4285,4286,4290,4291,4293,4294,4298,4301,4303,4304,4308,4312,4313,4315,4319,4322,4323,4326,4328,4329,4331,4333,4338,4339,4340,4343,4347,4348,4349,4351,4353,4355,4356,4358,4359,4361,4362,4364,4366,4367,4368,4370,4371,4373,4374,4375,4379,4381,4385,4386,4391,4394,4395,4396,4401,4402,4407,4412,4414,4417,4423,4426,4429,4434,4435,4437,4439,4440,4442,4444,4455,4458,4461,4463,4464,4466,4467,4469,4477,4478,4480,4481,4482,4486,4487,4489,4491,4492,4497,4498,4500,4501,4503,4504,4505,4508,4512,4513,4515,4520,4522,4523,4525,4527,4530,4532,4533,4534,4535,4536,4537,4538,4539,4541,4544,4545,4546,4549,4552,4554,4557,4558,4561,4565,4568,4571,4572,4575,4579,4583,4585,4588,4589,4591,4594,4596,4598,4599,4601,4602,4604,4605,4607,4610,4613,4614,4617,4620,4622,4623,4625,4626,4631,4633,4634,4635,4636,4638,4642,4643,4644,4647,4650,4652,4653,4660,4664,4671,4672,4675,4681,4682,4683,4684,4687,4691,4694,4698,4704,4706,4709,4710,4712,4715,4717,4718,4720,4722,4728,4729,4734,4738,4739,4741,4744,4749,4750,4752,4754,4756,4758,4760,4762,4763,4765,4769,4770,4771,4772,4774,4777,4778,4786,4792,4793,4794,4804,4809,4810,4812,4817,4819,4823,4824,4826,4828,4830,4832,4836,4840,4841,4842,4845,4846,4856,4857,4860,4862,4863,4864,4865,4866,4869,4870,4873,4878,4879,4882,4883,4884,4885,4886,4889,4890,4892,4895,4896,4898,4903,4904,4905,4906,4911,4912,4915,4919,4920,4925,4926,4928,4929,4930,4931,4932,4933,4934,4937,4943,4944,4945,4947,4950,4951,4952,4955,4958,4960,4962,4963,4964,4966,4969,4970,4981,4984,4985,4986,4990,4991,4995,4996,4998,5001,5003,5005,5009,5012,5017,5018,5019,5020,5022,5024,5028,5029,5032,5035,5038,5042,5047,5048,5052,5053,5058,5062,5063,5067,5069,5073,5077,5078,5080,5084,5086,5088,5090,5092,5093,5094,5096,5097,5100,5102,5106,5107,5108,5110,5114,5116,5119,5121,5126,5127,5129,5130,5132,5133,5135,5137,5138,5144,5147,5150,5152,5153,5156,5157,5159,5161,5165,5167,5169,5171,5172,5174,5177,5178,5187,5188,5189,5190,5191,5193,5195,5198,5199,5201,5203,5204,5205,5213,5214,5216,5217,5218,5220,5221,5222,5226,5227,5229,5231,5232,5233,5235,5238,5239,5242,5244,5245,5246,5248,5255,5256,5257,5261,5265,5267,5268,5271,5272,5274,5275,5277,5280,5284,5286,5289,5291,5293,5301,5303,5306,5307,5308,5309,5314,5315,5317,5320,5321,5322,5326,5328,5333,5336,5341,5343,5345,5346,5352,5358,5361,5364,5365,5369,5370,5371,5372,5377,5378,5379,5380,5381,5382,5384,5385,5392,5395,5399,5400,5402,5404,5406,5407,5408,5409,5411,5414,5416,5417,5419,5421,5422,5423,5424,5425,5426,5427,5432,5437,5441,5444,5447,5450,5452,5455,5456,5460,5462,5463,5464,5465,5467,5472,5473,5483,5485,5486,5489,5491,5493,5494,5496,5498,5499,5500,5501,5502,5505,5506,5511,5513,5516,5517,5518,5522,5524,5530,5533,5540,5547,5548,5550,5551,5552,5565,5566,5569,5570,5572,5576,5579,5580,5581,5582,5586,5588,5590,5591,5592,5593,5595,5596,5597,5598,5600,5601,5602,5603,5606,5607,5610,5611,5612,5614,5621,5628,5629,5631,5632,5633,5634,5642,5644,5649,5650,5652,5654,5655,5656,5657,5658,5659,5660,5661,5662,5664,5665,5666,5669,5670,5671,5672,5674,5675,5676,5679,5680,5683,5690,5694,5695,5696,5698,5699,5700,5701,5703,5706,5707,5708,5709,5717,5719,5720,5722,5726,5728,5732,5733,5735,5736,5738,5743,5747,5749,5752,5753,5754,5758,5760,5761,5762,5763,5768,5771,5774,5775,5776,5777,5778,5779,5780,5781,5782,5783,5785,5788,5790,5795,5796,5798,5799,5800,5801,5802,5803,5809,5814,5816,5817,5818,5821,5822,5823,5827,5830,5831,5833,5837,5838,5839,5840,5842,5843,5848,5852,5855,5857,5860,5862,5864,5865,5866,5873,5876,5877,5878,5880,5881,5882,5887,5893,5895,5899,5903,5909,5912,5914,5918,5919,5920,5922,5925,5926,5929,5930,5931,5939,5949,5950,5951,5953,5954,5959,5960,5963,5965,5966,5969,5972,5974,5975,5978,5979,5981,5984,5985,5987,5989,5991,5993,5994,5996,5997,5998,5999,6000,6001,6003,6006,6009,6011,6013,6014,6017,6018,6020,6021,6024,6027,6028,6032,6033,6034,6036,6040,6043,6045,6046,6049,6053,6054,6055,6057,6058,6060,6061,6065,6066,6067,6072,6073,6075,6077,6086,6088,6089,6090,6091,6092,6094,6095,6097,6099,6100,6103,6105,6106,6107,6111,6112,6113,6114,6115,6119,6121,6123,6125,6127,6129,6131,6134,6136,6138,6143,6146,6148,6151,6152,6155,6156,6157,6160,6163,6165,6171,6172,6173,6177,6178,6181,6183,6184,6185,6187,6190,6194,6195,6196,6197,6198,6199,6202,6207,6208,6209,6211,6213,6214,6217,6218,6219,6221,6222,6223,6224,6227,6228,6229,6232,6236,6237,6240,6241,6242,6243,6251,6255,6257,6261,6269,6278,6282,6287,6290,6291,6292,6295,6296,6299,6300,6307,6309,6310,6313,6314,6315,6316,6317,6324,6325,6327,6331,6334,6336,6340,6342,6347,6348,6354,6356,6357,6358,6364,6366,6370,6372,6373,6375,6377,6378,6380,6383,6387,6390,6392,6406,6413,6416,6417,6418,6422,6423,6424,6425,6426,6427,6430,6431,6432,6434,6435,6439,6440,6441,6442,6443,6447,6452,6454,6457,6458,6459,6460,6461,6462,6465,6466,6473,6475,6476,6479,6484,6486,6487,6490,6493,6496,6498,6499,6500,6504,6505,6506,6510,6512,6514,6517,6518,6519,6520,6522,6527,6528,6529,6530,6531,6533,6534,6537,6538,6542,6548,6549,6550,6554,6556,6559,6560,6563,6565,6566,6567,6568,6569,6570,6571,6572,6577,6580,6583,6584,6586,6588,6591,6593,6596,6597,6598,6599,6603,6605,6608,6610,6611,6612,6614,6615,6617,6619,6628,6633,6634,6635,6636,6644,6648,6649,6654,6659,6660,6663,6665,6666,6670,6672,6673,6674,6678,6685,6686,6688,6690,6694,6696,6698,6699,6702,6703,6704,6706,6707,6708,6709,6710,6712,6715,6717,6718,6720,6722,6723,6726,6727,6729,6731,6732,6733,6738,6740,6741,6742,6743,6744,6745,6747,6749,6750,6752,6756,6757,6769,6770,6771,6773,6775,6776,6777,6784,6787,6789,6793,6797,6800,6801,6804,6805,6806,6809,6812,6814,6815,6816,6818,6820,6824,6826,6830,6833,6836,6837,6839,6840,6841,6842,6847,6849,6851,6853,6856,6857,6860,6862,6863,6866,6867,6869,6871,6873,6874,6876,6877,6882,6883,6889,6890,6891,6893,6900,6904,6906,6907,6908,6910,6911,6913,6915,6916,6917,6920,6922,6927,6928,6932,6933,6935,6936,6938,6939,6940,6941,6949,6951,6952,6954,6955,6956,6961,6963,6965,6969,6973,6976,6977,6980,6981,6984,6987,6988,6992,6993,6994,7000,7003,7011,7013,7014,7016,7018,7019,7020,7021,7026,7031,7035,7036,7040,7041,7043,7045,7046,7047,7051,7052,7054,7056,7057,7058,7061,7062,7067,7068,7069,7070,7071,7072,7073,7074,7078,7080,7081,7082,7090,7092,7095,7098,7099,7100,7102,7105,7108,7111,7115,7117,7119,7120,7123,7125,7131,7135,7136,7139,7141,7143,7144,7148,7149,7151,7152,7155,7156,7157,7158,7159,7160,7161,7163,7164,7165,7168,7171,7172,7176,7182,7184,7187,7188,7189,7200,7203,7204,7205,7209,7210,7214,7216,7217,7222,7223,7227,7229,7230,7233,7234,7237,7241,7242,7243,7247,7248,7249,7251,7252,7253,7254,7256,7258,7259,7261,7264,7265,7266,7267,7268,7270,7272,7276,7277,7281,7284,7286,7293,7297,7298,7304,7307,7308,7309,7310,7313,7317,7321,7322,7330,7332,7333,7335,7336,7337,7339,7341,7342,7344,7345,7347,7350,7351,7355,7356,7357,7359,7362,7363,7366,7370,7371,7372,7379,7380,7385,7386,7387,7389,7390,7392,7393,7397,7398,7400,7401,7402,7404,7405,7406,7407,7410,7411,7413,7415,7417,7418,7419,7422,7424,7425,7426,7427,7428,7429,7431,7433,7436,7443,7448,7449,7454,7456,7457,7458,7461,7465,7469,7470,7472,7480,7488,7490,7492,7494,7497,7500,7503,7505,7510,7515,7516,7517,7523,7524,7525,7527,7528,7529,7530,7532,7533,7534,7537,7540,7541,7543,7548,7550,7557,7558,7561,7562,7564,7565,7569,7570,7575,7576,7579,7580,7585,7586,7590,7592,7594,7595,7597,7598,7600,7604,7605,7607,7610,7614,7617,7619,7621,7622,7623,7624,7628,7630,7638,7640,7644,7646,7650,7651,7652,7654,7656,7658,7660,7661,7662,7663,7665,7667,7670,7672,7674,7675,7677,7678,7682,7686,7687,7688,7690,7692,7694,7695,7696,7698,7699,7702,7704,7705,7708,7709,7715,7717,7721,7726,7727,7730,7731,7732,7733,7734,7735,7741,7742,7752,7753,7756,7757,7758,7760,7764,7765,7769,7770,7771,7772,7773,7777,7778,7779,7781,7783,7784,7786,7787,7790,7791,7793,7794,7797,7799,7800,7802,7804,7805,7808,7810,7811,7812,7813,7814,7818,7819,7821,7822,7823,7826,7827,7829,7831,7832,7836,7837,7840,7842,7843,7848,7853,7854,7857,7859,7864,7866,7868,7870,7872,7873,7874,7878,7881,7882,7883,7886,7887,7891,7894,7897,7898,7902,7906,7911,7912,7914,7917,7922,7923,7926,7927,7934,7936,7937,7938,7939,7941,7942,7943,7945,7950,7951,7953,7954,7955,7957,7962,7963,7967,7970,7971,7972,7973,7974,7975,7976,7977,7979,7982,7997,7999,8000,8013,8014,8016,8023,8025,8028,8029,8030,8031,8032,8034,8035,8038,8039,8041,8042,8044,8045,8046,8048,8051,8053,8054,8055,8056,8057,8064,8072,8075,8077,8079,8080,8082,8083,8085,8086,8088,8089,8090,8093,8099,8102,8103,8104,8105,8106,8109,8112,8113,8114,8115,8116,8123,8125,8127,8128,8133,8136,8139,8140,8142,8147,8149,8151,8153,8155,8156,8160,8161,8162,8163,8166,8169,8170,8175,8180,8183,8184,8185,8186,8189,8190,8193,8194,8196,8197,8200,8201,8202,8204,8207,8210,8211,8213,8215,8216,8221,8223,8224,8231,8232,8234,8235,8236,8238,8240,8246,8253,8255,8256,8257,8260,8262,8265,8268,8269,8270,8271,8274,8275,8278,8279,8280,8285,8287,8291,8292,8296,8297,8298,8299,8301,8304,8305,8313,8314,8319,8320,8321,8323,8325,8326,8328,8331,8334,8335,8336,8338,8339,8347,8349,8350,8353,8355,8358,8359,8360,8363,8366,8367,8368,8372,8373,8374,8375,8376,8378,8380,8383,8385,8386,8388,8389,8391,8393,8395,8396,8404,8405,8412,8416,8419,8420,8422,8423,8424,8425,8426,8429,8432,8435,8438,8439,8442,8443,8444,8445,8446,8447,8450,8451,8454,8455,8456,8457,8463,8465,8466,8468,8470,8472,8475,8481,8482,8485,8487,8488,8489,8491,8494,8499,8502,8504,8507,8508,8509,8518,8522,8523,8526,8527,8528,8531,8532,8534,8536,8537,8538,8539,8548,8550,8551,8554,8556,8557,8558,8559,8560,8562,8565,8566,8568,8569,8571,8572,8575,8576,8577,8578,8580,8581,8585,8587,8590,8592,8596,8601,8602,8604,8608,8612,8614,8615,8616,8619,8623,8624,8625,8627,8628,8629,8630,8631,8634,8635,8636,8637,8643,8644,8647,8648,8651,8652,8655,8656,8657,8662,8663,8664,8667,8669,8671,8675,8676,8678,8679,8682,8684,8685,8687,8690,8691,8692,8693,8696,8699,8701,8702,8703,8704,8705,8706,8707,8709,8718,8721,8725,8726,8728,8729,8730,8732,8736,8737,8738,8741,8745,8753,8754,8756,8758,8762,8763,8771,8772,8775,8777,8778,8782,8785,8789,8791,8792,8794,8796,8798,8800,8801,8804,8805,8806,8807,8811,8815,8816,8818,8820,8821,8823,8827,8829,8830,8831,8835,8840,8841,8848,8850,8853,8854,8856,8857,8859,8863,8865,8866,8867,8868,8871,8872,8873,8874,8876,8877,8879,8881,8882,8886,8888,8889,8890,8892,8893,8896,8898,8899,8900,8902,8903,8908,8909,8912,8914,8917,8919,8920,8921,8922,8923,8924,8926,8927,8928,8931,8934,8940,8945,8946,8948,8949,8950,8959,8966,8967,8973,8974,8975,8976,8981,8983,8984,8985,8986,8991,8993,8994,8997,8998,9004,9005,9006,9010,9013,9014,9017,9021,9022,9024,9025,9026,9027,9029,9030,9032,9037,9040,9043,9050,9051,9052,9053,9054,9056,9058,9059,9062,9063,9064,9066,9068,9071,9073,9075,9077,9079,9084,9089,9094,9095,9096,9097,9098,9106,9107,9111,9113,9114,9115,9116,9122,9123,9124,9130,9131,9132,9134,9136,9137,9138,9141,9143,9144,9145,9146,9148,9151,9152,9153,9154,9156,9159,9160,9161,9162,9163,9164,9165,9167,9169,9173,9175,9176,9179,9180,9182,9184,9185,9186,9188,9193,9196,9198,9199,9203,9205,9207,9208,9209,9210,9213,9214,9215,9222,9223,9224,9226,9229,9232,9235,9236,9237,9238,9239,9241,9242,9245,9251,9253,9254,9255,9258,9259,9260,9267,9268,9275,9276,9277,9278,9280,9285,9288,9289,9295,9296,9297,9298,9300,9302,9305,9306,9309,9311,9313,9315,9318,9321,9323,9324,9326,9327,9328,9332,9333,9334,9339,9341,9342,9343,9344,9350,9352,9354,9356,9358,9359,9360,9362,9363,9366,9367,9368,9369,9370,9374,9379,9381,9387,9390,9398,9407,9409,9414,9415,9419,9420,9426,9427,9431,9432,9433,9434,9435,9436,9437,9438,9439,9440,9441,9443,9444,9445,9446,9447,9452,9457,9458,9465,9468,9473,9474,9476,9478,9479,9491,9494,9499,9500,9501,9506,9507,9512,9515,9516,9518,9519,9520,9521,9523,9525,9526,9532,9535,9536,9537,9539,9541,9543,9544,9548,9549,9550,9554,9563,9564,9565,9567,9568,9570,9573,9575,9577,9578,9580,9581,9589,9590,9592,9594,9602,9607,9608,9610,9617,9618,9619,9623,9624,9625,9626,9627,9629,9632,9634,9635,9636,9637,9639,9641,9642,9645,9647,9651,9652,9654,9656,9660,9664,9666,9669,9671,9674,9678,9679,9680,9681,9683,9684,9688,9689,9691,9692,9694,9699,9700,9702,9704,9713,9714,9715,9716,9717,9720,9721,9722,9723,9726,9727,9729,9737,9741,9742,9744,9746,9747,9748,9749,9751,9752,9753,9756,9758,9760,9761,9762,9763,9771,9773,9782,9783,9786,9788,9792,9794,9795,9796,9799,9802,9804,9808,9810,9813,9815,9821,9823,9826,9827,9829,9830,9832,9833,9834,9836,9839,9840,9845,9849,9853,9854,9856,9859,9862,9863,9865,9871,9872,9873,9874,9875,9877,9878,9882,9886,9889,9894,9899,9902,9905,9910,9911,9916,9919,9926,9931,9932,9934,9937,9939,9940,9941,9942,9950,9952,9953,9958,9960,9962,9963,9965,9966,9967,9969,9970,9972,9977,9978,9979,9987,9989,9991,9992,9994,9997,9999
